REACTOME_TRAF6_MEDIATED_IRF7_ACTIVATION	PID_S1P_META_PATHWAY	REACTOME_IMMUNOREGULATORY_INTERACTIONS_BETWEEN_A_LYMPHOID_AND_A_NON_LYMPHOID_CELL	REACTOME_COMPLEMENT_CASCADE	KEGG_NATURAL_KILLER_CELL_MEDIATED_CYTOTOXICITY	BIOCARTA_P53_PATHWAY	PID_S1P_S1P3_PATHWAY	REACTOME_REGULATION_OF_IFNA_SIGNALING	KEGG_ANTIGEN_PROCESSING_AND_PRESENTATION	REACTOME_VOLTAGE_GATED_POTASSIUM_CHANNELS	PID_S1P_S1P1_PATHWAY	BIOCARTA_LAIR_PATHWAY	REACTOME_GLUTAMATE_NEUROTRANSMITTER_RELEASE_CYCLE	REACTOME_DEADENYLATION_OF_MRNA	REACTOME_POTASSIUM_CHANNELS	PID_CD8_TCR_DOWNSTREAM_PATHWAY	BIOCARTA_COMP_PATHWAY	SIG_CD40PATHWAYMAP	REACTOME_ADHERENS_JUNCTIONS_INTERACTIONS	PID_ANTHRAX_PATHWAY	REACTOME_DEGRADATION_OF_THE_EXTRACELLULAR_MATRIX	KEGG_NITROGEN_METABOLISM	BIOCARTA_CELLCYCLE_PATHWAY	KEGG_B_CELL_RECEPTOR_SIGNALING_PATHWAY	REACTOME_GENERIC_TRANSCRIPTION_PATHWAY	SA_G1_AND_S_PHASES	KEGG_PROXIMAL_TUBULE_BICARBONATE_RECLAMATION	PID_NEPHRIN_NEPH1_PATHWAY	REACTOME_CELL_SURFACE_INTERACTIONS_AT_THE_VASCULAR_WALL	REACTOME_SIGNALING_BY_NODAL
1	0.002841	0	0	0.9975	0.002865	0.003021	1	0.9755	0.006024	0	0.002941	0.003012	0.00295	0.002976	0.9795	0	0	0.002747	0	0.002786	0.002899	0.002809	0.002747	0	0.006135	0.003096	0	0.002841	0.006211
0.007979	1	0.00838	0.007958	0.005222	0.005618	1	0.01099	0.002519	0.00545	1	0.005587	0.01333	0.008174	0.008219	0.005494	0.005714	0.005236	0.005038	0.005435	0.002571	0.005464	0.009926	0	0.01263	0.002625	0.01695	0.005988	0.007557	0.00505
0.006579	0	1	0	0.1036	0	0	0.007407	0.006289	0.003509	0	0	0	0.003145	0	0.003215	0.003484	0.006734	0.006431	0	0	0	0	0.01936	0.003704	0	0	0.003226	0.009146	0
0.002817	0	0.002703	1	0.005714	0.00271	0.005917	0	0.01408	0.01055	0.002801	0.008475	0.0114	0.005682	0.005848	0.003165	1	0	0.0109	0.002732	0.005666	0.0122	0.00289	0.008475	0.009146	0.002825	0.008746	0.0163	0.008824	0.002817
0.04669	0	0.004219	0	1	0	0	0.01141	0.1029	0	0.004464	0	0.004219	0	0	0.01859	0	0	0	0	0	0	0	0.007018	0	0	0	0	0	0
0.01746	0.008021	0.00545	0.0107	0.01193	1	0.01534	0.01067	0.01247	0.01897	0.01596	0.01907	0.002646	0.009524	0.007299	0.002778	0.008264	0.0102	0.0133	0.01053	0.005319	0.01837	1	0.016	0.01333	1	0.01309	0.009732	0.002778	0.01337
0.01445	0.2265	0.02154	0.005731	0.005128	0.01034	1	0.01136	0.01081	0.005865	1	0.00303	0.005952	0.008721	0.01802	0.002755	0.01087	0.005525	0.00303	0.01835	0.01449	0.008356	0.006173	0	0.006154	0.01359	0.005494	0.002809	0.138	0.01081
1	0.01458	0.01872	0.01635	1	0.002825	0.01333	1	1	0.01635	0.01462	0.01681	0.01902	0.01639	0.002865	1	0.0221	0.01923	0.02174	0.01966	0.01124	0.02452	0.01923	0.005831	0.007895	0.008242	0.01639	0.02235	0.01385	0.005865
0.3096	0.003953	0.0241	0.01056	0.9842	0.01521	0	0.3152	1	0.003704	0.003636	0.007463	0.02518	0.003846	0.007435	0.3022	0.007407	0.003676	0.007491	0.006873	0.004167	0.003322	0.01132	0.01633	0.01119	0	0.003788	0.007605	0	0.007752
0.008621	0.02508	0.01282	0.0228	0.006098	0.0119	0.0177	0.02128	0.02933	1	0.01258	0.003356	0.009146	0.005831	1	0.01548	0.009317	0.02477	0.01863	0.02228	0.009202	0.01266	0.02141	0.01286	0.01216	0.006349	0.01497	0.003021	0.006135	0.01863
0.03394	1	0.05413	0.03226	0.02507	0.03047	1	0.05026	0.0327	0.04043	1	0.06145	0.06371	0.04359	0.04928	0.05512	0.04432	0.03618	0.02528	0.03627	0.06061	0.06158	0.05278	0.02989	0.0411	0.03485	0.05362	0.02828	0.3	0.03867
0.05556	0.04439	1	1	1	0.06835	0.05483	0.06736	0.04557	0.03714	0.06731	1	0.0619	0.05122	0.05473	0.03947	1	0.06604	0.06602	1	0.0516	0.04021	0.07181	0.08556	0.07235	0.02865	0.03807	0.04556	1	0.06767
0.08947	0.07264	0.05277	0.07494	0.06216	0.07629	0.04987	0.03109	0.04306	0.0557	0.05958	0.06069	1	0.04533	0.04787	0.07068	0.0425	1	0.05569	0.0554	0.05263	1	0.06333	0.05048	0.05357	0.03937	1	0.05744	0.06101	0.07273
0.06378	0.08011	0.05911	0.06995	0.06299	0.06027	0.08743	0.06183	0.06349	0.08169	0.0567	0.07805	0.08	1	0.08312	0.06683	0.07692	0.07254	0.08586	0.07527	0.06378	0.06704	0.06234	0.06701	0.06771	0.06133	0.07219	0.09286	0.07547	0.05514
0.01136	0.01938	0.0292	0.02479	0.01575	0.0249	0.03175	0.02652	0.01619	0.5138	0.02869	0.01688	0.01389	0.01908	1	0.02847	0.01304	0.02767	0.01717	0.008511	0.01154	0.008584	0.007273	0.01626	0.02281	0.008299	0.02713	0.01176	0.02058	0.0155
0.997	0.0461	0.05387	0.05128	0.9985	0.06316	0.0495	0.9529	1	0.03934	0.04294	0.03311	0.04082	0.05282	0.0363	1	0.04878	0.0264	0.03986	0.0356	0.01773	0.03165	0.03345	0.0283	0.03546	0.0301	0.05592	0.03072	0.025	0.04196
0.1204	0.09302	0.06593	1	0.1063	0.1135	0.1146	0.1315	0.08854	0.1277	0.08967	0.4085	0.09524	0.1011	0.08495	0.09214	1	0.1079	0.1005	0.09756	0.1137	0.09943	0.09207	0.1018	0.07202	0.1029	0.1349	0.08451	0.09804	0.1239
0.0758	0.08529	0.07479	0.08282	0.2399	0.07122	0.06886	0.07692	0.04451	0.06706	0.07222	0.09174	0.1188	0.07493	0.02793	0.06027	0.09064	1	0.07273	0.2212	0.07911	0.07669	0.05085	0.1716	0.064	0.1006	0.05672	0.3957	0.0649	0.05714
0.1108	0.09524	0.0548	0.09375	0.09016	0.09589	0.1003	0.09827	0.1006	0.104	0.0904	0.1114	0.07427	0.07202	0.08639	0.1027	0.0625	0.08115	1	0.1201	0.08635	0.08782	0.1099	0.1206	0.06952	0.08219	0.09632	0.06011	0.08659	0.09836
0.1387	0.1146	0.05426	0.09896	1	0.1288	0.1628	0.1321	0.1243	0.09351	0.1941	0.03431	0.09762	0.1043	0.1099	1	0.08997	1	0.1024	1	0.117	0.117	0.126	1	0.1813	0.1263	0.1165	0.1979	0.1088	0.1184
0.1466	0.1239	0.09589	0.1229	0.11	0.09863	0.1032	0.1105	0.08746	0.106	0.08262	0.07967	0.09471	0.1044	0.08116	0.1236	0.114	0.0885	0.09164	0.09091	1	0.107	0.1003	0.108	0.1155	0.118	0.1017	0.1003	0.1069	0.08382
0.09021	0.08073	0.09341	0.09549	0.1023	0.09341	0.07692	0.08625	0.1137	0.0791	0.08571	0.1089	0.1008	0.1077	0.0873	0.107	0.07246	0.0678	0.1344	0.07732	0.1034	1	0.1064	0.1117	0.08889	0.09972	0.2537	0.1013	0.1156	0.07817
0.1658	0.1031	0.09434	0.09244	0.0916	0.4348	0.1313	0.1193	0.1132	0.1433	0.108	0.1333	0.1274	0.1	0.1552	0.1127	0.1146	0.1234	0.1186	0.127	0.1316	0.1253	1	0.106	0.1478	0.6684	0.1297	0.1105	0.144	0.1147
0.09158	0.05283	0.398	0.101	0.4766	0.06716	0.02721	0.07023	0.09278	0.06618	0.08647	0.101	0.09253	0.02867	0.07971	0.0473	0.07801	0.07877	0.1015	0.07524	0.09259	0.07273	0.06859	1	0.07664	0.07309	0.06182	0.1324	0.07717	0.06623
0.01408	0.02752	0.01681	0.02344	0.01639	0.008264	0.008772	0.025	0.01818	0.01724	0	0.01626	0.008475	0.00885	0	0.008547	0.008	0.01639	0.0177	0.02439	0.01399	0	0.01724	0.01653	1	0	0.01562	0.01754	0.03252	0
0.2103	0.2069	0.2289	0.2057	0.1913	1	0.2128	0.219	0.2209	0.2374	0.2063	0.1921	0.1798	0.1615	0.2066	0.2342	0.189	0.1906	0.19	0.2078	0.1846	0.1876	1	0.199	0.2202	1	0.2096	0.1885	0.2067	0.2294
0.1693	0.2121	0.2079	0.1927	0.1632	0.1739	0.1789	0.1689	0.1671	0.2143	0.1769	0.1681	0.206	0.1685	0.1808	0.1952	0.192	0.1953	0.2028	0.2	0.1974	0.413	0.1732	0.1705	0.161	0.1676	1	0.1595	0.3468	0.1872
0.2006	0.1936	0.1824	0.187	0.8259	0.1744	0.12	0.1912	0.1942	0.1793	0.1202	0.1558	0.1892	0.1744	0.1618	0.1386	0.2093	0.8431	0.2082	0.4451	0.177	0.1792	0.2113	0.7228	0.1941	0.1566	0.1499	1	0.277	0.1441
0.1312	0.1082	0.2788	0.09434	0.231	0.1162	0.4209	0.1272	0.1224	0.1365	0.268	0.1402	0.1346	0.1185	0.126	0.08214	0.1137	0.125	0.09055	0.09058	0.1465	0.09818	0.0983	0.1	0.1143	0.1018	0.2202	0.1115	1	0.127
0.2243	0.2256	0.1868	0.2387	0.2246	0.2335	0.2583	0.1952	0.2521	0.2107	0.2067	0.2198	0.2219	0.2228	0.2116	0.199	0.2299	0.1838	0.234	0.232	0.2549	0.2169	0.2093	0.1919	1	0.171	0.2287	0.1895	0.2176	1
