	d33009	d33018	d33031	d33039	d33120	d33209	d33211	d33369	d33413	d33430	d33451	d33455	d33512	others33013
1_at	5	4	5	4	4	4	5	4	4	4	4	5	3	5
10_at	1	1	1	1	1	1	1	1	1	1	1	1	1	1
100_at	1	1	1	1	1	1	1	1	1	1	1	1	1	1
1000_at	1	1	1	1	1	1	1	1	1	1	1	1	1	1
10000_at	4	4	4	3	4	4	5	4	4	4	3	4	3	3
10001_at	1	1	1	1	1	1	1	1	1	1	1	1	1	1
10002_at	1	1	1	1	1	1	1	1	1	1	1	1	1	1
10003_at	1	1	1	1	1	1	1	1	1	1	1	1	1	1
100033411_at	1	1	1	1	1	1	1	1	1	1	1	1	1	1
100037417_at	2	1	1	1	1	1	1	1	1	2	2	2	1	4
10004_at	4	4	4	4	4	4	4	4	4	4	4	5	3	4
100049587_at	2	1	1	2	1	1	1	2	2	1	2	2	1	2
10005_at	1	1	1	1	1	1	1	1	1	1	1	1	1	2
10006_at	1	1	1	1	1	1	1	1	1	1	1	1	1	1
10007_at	1	1	1	1	1	1	1	1	1	1	1	1	1	1
10008_at	4	3	4	3	2	2	3	3	3	3	4	3	3	3
1001_at	1	1	1	1	2	1	1	1	1	1	2	1	1	1
10010_at	1	1	1	1	1	1	1	1	1	1	1	1	1	1
100101267_at	1	1	1	1	1	1	1	1	1	1	1	1	1	1
100101467_at	1	1	1	1	1	1	1	1	1	1	1	1	1	1
10011_at	3	1	1	2	1	2	1	2	2	3	3	3	2	5
100113407_at	2	1	1	2	1	2	1	2	1	2	2	2	2	1
100125288_at	2	2	2	2	1	1	1	1	2	2	2	2	1	3
100126572_at	1	1	1	1	1	1	1	1	1	1	1	1	1	1
100127206_at	1	1	1	1	1	1	1	1	1	1	1	1	1	1
100127983_at	5	5	5	5	5	5	5	5	5	5	4	5	4	4
100128071_at	1	1	1	1	1	1	1	1	1	1	1	1	1	1
100128108_at	1	1	1	1	1	1	1	1	1	1	1	1	1	1
100128327_at	1	1	1	1	1	1	1	1	1	1	1	2	1	1
100128496_at	1	1	1	1	1	1	1	1	1	1	1	1	1	1
100128553_at	1	1	1	1	1	1	1	1	1	1	1	1	1	1
100128569_at	6	4	5	4	4	4	5	5	4	4	5	5	4	6
100128731_at	1	1	1	1	1	1	1	1	1	1	1	1	1	1
100128908_at	1	1	1	1	1	1	1	2	1	1	3	2	2	5
100128927_at	1	1	1	1	1	1	1	1	1	1	1	1	1	1
100129083_at	1	1	1	1	1	1	1	1	1	1	1	1	1	1
100129094_at	1	1	1	1	1	1	1	1	1	1	1	1	1	1
100129098_at	1	1	1	1	1	1	1	1	1	1	1	1	1	1
100129128_at	1	1	1	1	1	1	1	1	1	1	1	1	1	1
100129216_at	1	1	1	1	1	1	1	1	1	1	1	1	1	2
100129250_at	3	2	3	3	3	2	3	3	3	2	3	3	2	3
100129271_at	1	1	1	1	1	1	1	1	1	1	1	1	1	1
100129278_at	1	1	1	1	1	1	1	1	1	1	1	1	1	1
100129307_at	5	4	5	5	5	4	5	5	5	5	5	4	4	3
100129361_at	3	3	4	3	3	3	4	3	3	3	3	3	2	4
100129385_at	1	2	2	1	2	1	2	2	2	3	4	4	2	6
100129396_at	1	1	1	1	1	1	1	1	1	1	1	1	1	1
100129480_at	2	2	3	2	2	3	3	3	3	3	3	3	2	2
100129484_at	5	5	5	5	5	4	5	5	5	4	5	5	4	6
100129528_at	4	4	3	3	3	3	3	3	3	3	4	4	3	4
100129543_at	1	1	1	1	1	1	1	1	1	1	1	1	1	1
100129583_at	1	1	1	1	1	1	1	1	1	1	1	1	1	1
100129654_at	1	1	1	1	1	1	1	1	1	1	1	1	1	1
100129669_at	1	1	1	1	1	1	1	2	2	2	4	3	3	6
100129697_at	3	1	3	2	1	1	2	2	2	1	3	1	2	3
100129792_at	3	3	3	2	3	2	3	2	2	2	3	3	3	4
100129836_at	1	1	1	1	1	1	1	1	1	1	1	1	1	1
100129924_at	1	1	1	1	1	1	1	1	1	1	1	1	1	1
100129940_at	2	3	2	3	3	2	3	3	3	1	3	2	2	3
100129969_at	1	2	1	1	1	1	1	1	1	1	1	1	1	2
100130274_at	1	1	1	1	1	1	1	1	1	1	1	1	1	1
100130301_at	1	1	1	1	1	1	1	1	1	1	1	1	1	2
100130311_at	1	1	1	1	1	1	1	1	1	1	1	1	1	1
100130345_at	1	1	1	1	1	1	1	1	1	1	1	1	1	1
100130348_at	4	5	5	5	5	4	4	4	5	4	4	4	3	5
100130357_at	4	3	4	3	3	3	3	3	3	3	4	3	3	3
100130451_at	1	1	1	1	1	1	1	1	1	1	1	1	1	1
100130519_at	3	3	4	2	3	3	3	4	3	3	4	3	3	4
100130520_at	6	6	5	6	6	5	6	6	5	5	6	6	4	5
100130705_at	1	1	1	1	1	1	1	1	1	1	1	1	1	1
100130733_at	1	1	1	1	1	1	1	1	1	1	1	1	1	1
100130742_at	1	1	1	1	1	1	1	1	1	1	1	1	1	1
100130771_at	1	1	1	1	1	1	1	1	1	1	1	1	1	1
100130827_at	1	1	1	1	1	1	1	1	1	1	1	1	1	1
100130880_at	1	1	1	1	1	1	1	1	1	1	1	1	1	1
100130890_at	1	1	1	1	1	1	1	1	1	1	1	1	1	1
100130933_at	1	1	1	1	1	1	1	1	1	1	1	1	1	1
100130958_at	1	1	1	1	1	1	1	1	1	1	1	1	1	1
100130967_at	5	5	5	4	5	4	4	4	4	4	5	5	3	5
100130988_at	1	1	1	1	1	1	1	1	1	1	2	1	1	3
100131017_at	2	2	2	1	2	1	2	2	2	2	2	2	1	2
100131094_at	2	2	2	1	1	1	1	2	2	2	2	2	2	3
100131107_at	3	2	2	2	3	1	2	3	2	2	3	3	2	4
100131137_at	1	1	1	1	1	1	1	1	1	2	1	1	2	3
100131187_at	2	2	2	1	2	1	1	1	1	1	2	1	1	2
100131211_at	1	1	1	1	1	1	1	1	1	1	1	1	1	1
100131244_at	4	5	4	4	5	4	5	5	4	4	5	5	3	4
100131303_at	1	1	1	1	1	1	1	2	1	2	3	2	1	3
100131378_at	1	1	1	1	1	1	1	1	1	1	1	1	1	1
100131390_at	1	1	1	1	1	1	1	1	1	1	1	1	1	1
100131439_at	1	1	1	1	1	1	1	1	1	1	1	1	1	1
100131539_at	2	2	2	1	2	1	2	2	1	2	2	1	2	3
100131608_at	1	1	1	1	1	1	1	1	1	1	1	1	1	1
100131801_at	1	1	1	1	1	1	1	1	1	1	1	1	1	1
100131827_at	1	1	1	1	1	1	1	1	1	1	1	1	1	1
100131897_at	1	1	1	1	1	1	1	1	1	1	1	1	1	1
100131980_at	1	1	1	1	1	1	1	1	1	1	1	1	1	1
100132074_at	1	1	1	1	1	1	1	1	1	1	1	1	1	1
100132146_at	1	1	1	1	1	1	1	1	1	1	1	1	1	1
100132202_at	3	2	3	3	2	2	3	2	2	2	3	2	2	2
100132247_at	1	1	2	1	1	1	1	1	1	1	1	1	1	1
100132386_at	4	4	4	4	4	4	5	4	4	4	4	5	3	3
100132406_at	1	1	1	1	1	1	1	1	1	1	1	1	1	1
100132463_at	1	1	1	1	1	1	1	1	1	1	1	1	1	1
100132476_at	1	1	1	1	1	1	1	1	1	1	1	1	1	1
100132565_at	4	4	4	4	4	3	4	4	3	4	4	4	3	4
100132813_at	1	1	1	1	1	1	1	1	1	1	1	1	1	1
100132911_at	1	1	1	1	1	1	1	1	1	1	2	2	1	3
100132916_at	1	1	1	1	1	1	1	1	1	1	1	1	1	1
100133204_at	1	1	1	1	1	1	1	1	1	1	1	1	1	1
100133220_at	1	1	1	1	1	1	1	1	1	1	1	1	1	1
100133251_at	1	1	1	1	1	1	1	1	1	1	1	1	1	1
100133267_at	1	1	1	1	1	1	1	1	1	1	1	1	1	3
100133301_at	1	1	1	1	1	1	1	1	1	1	1	1	1	1
100133941_at	5	5	6	5	5	4	5	5	5	4	6	5	4	3
100134391_at	6	7	7	7	7	5	7	6	7	6	7	7	5	5
100134444_at	1	1	1	1	1	1	1	1	1	1	1	1	1	1
100137049_at	1	1	1	1	1	1	1	1	1	1	1	1	1	1
10014_at	3	3	3	2	3	2	3	3	3	3	3	3	2	5
100141515_at	2	4	2	2	2	1	3	3	2	2	3	2	2	2
100142659_at	1	1	1	1	1	1	1	1	1	1	1	1	1	1
100144595_at	1	1	1	1	1	1	1	1	1	1	1	1	1	1
100144748_at	1	1	1	1	1	1	1	1	1	1	1	1	1	1
10015_at	4	4	4	3	4	4	5	4	4	4	4	4	3	3
100151643_at	1	1	1	1	1	1	1	1	1	1	1	1	1	1
10016_at	6	6	6	6	6	6	7	6	6	6	7	7	5	5
100169851_at	2	1	2	1	1	2	2	3	3	1	2	2	2	2
10017_at	1	1	1	1	1	1	1	1	1	1	1	1	1	1
100170229_at	1	1	1	1	1	1	1	1	1	1	1	1	1	1
100170765_at	2	2	1	1	1	1	2	2	1	2	3	2	2	3
100170841_at	1	1	1	1	1	1	1	1	1	1	1	1	1	1
10018_at	1	1	1	1	1	1	1	1	1	1	1	1	1	1
100188893_at	1	1	1	1	1	1	1	1	1	1	1	1	1	1
10019_at	1	1	1	1	1	1	1	1	1	1	1	1	1	1
100190949_at	1	1	1	1	1	1	1	1	1	1	1	1	1	1
100191040_at	1	1	1	1	1	1	1	1	1	1	1	1	1	1
1002_at	1	1	1	1	1	1	1	2	1	1	2	2	1	3
10020_at	5	5	5	4	5	4	5	5	5	5	5	5	4	6
10021_at	1	1	1	1	1	1	1	1	1	1	1	1	1	1
10022_at	5	5	6	4	4	4	5	5	4	3	5	4	4	4
10023_at	1	1	1	1	1	1	1	2	1	1	1	1	1	1
10024_at	2	2	2	1	2	1	2	2	2	1	2	2	1	2
10025_at	6	5	6	5	5	5	5	5	5	5	6	5	4	6
10026_at	1	1	1	1	1	1	1	1	1	1	1	1	1	1
100271715_at	5	5	5	4	5	5	5	5	5	5	5	5	4	4
100271846_at	4	2	3	3	4	3	3	4	4	3	4	4	3	4
100271849_at	1	1	1	1	1	1	1	1	1	1	1	1	1	1
100271927_at	1	1	1	1	1	1	1	1	2	1	1	2	1	4
100286986_at	1	1	1	1	1	1	1	1	1	1	1	1	1	1
100287036_at	1	1	1	1	1	1	1	1	1	1	1	1	1	1
100287045_at	1	1	1	1	1	1	1	1	1	1	1	1	1	2
100287144_at	1	1	1	1	1	1	1	1	1	1	1	1	1	1
100287171_at	4	3	4	3	4	3	4	4	3	3	3	4	3	3
100287178_at	1	1	1	1	1	1	1	1	1	1	1	1	1	1
100287205_at	1	1	1	1	1	1	1	1	1	1	1	1	1	1
100287226_at	1	1	1	1	1	1	1	1	1	1	1	1	1	1
100287284_at	1	1	1	1	1	1	1	1	1	1	1	1	1	1
100287290_at	1	1	1	1	1	1	1	1	1	1	1	1	1	1
100287364_at	1	1	1	1	1	1	1	1	1	1	1	1	1	1
100287387_at	1	1	1	1	1	1	1	1	1	1	1	1	1	1
100287399_at	1	1	1	1	1	1	1	1	1	1	1	1	1	1
100287482_at	1	1	1	1	1	1	1	1	1	1	1	1	1	1
100287718_at	1	1	1	1	1	1	1	1	1	1	1	1	1	1
100287896_at	1	1	1	1	1	1	1	1	1	1	1	1	1	1
100287898_at	1	1	1	1	1	1	1	1	1	1	1	1	1	1
100287932_at	1	1	1	1	1	1	1	1	1	1	1	1	1	1
100288072_at	1	1	1	1	1	1	1	1	1	1	2	1	1	4
100288142_at	5	5	5	4	5	5	5	5	5	5	5	5	4	5
100288287_at	1	1	1	1	1	1	1	1	1	1	1	1	1	1
100288323_at	1	1	1	1	1	1	1	1	1	1	1	1	1	1
100288332_at	1	1	1	1	1	1	1	1	1	1	1	1	1	1
100288413_at	3	4	3	3	4	4	4	4	4	4	3	4	3	2
100288485_at	1	1	1	1	1	1	1	1	1	1	1	1	1	1
100288562_at	1	1	1	1	1	1	1	1	1	1	1	1	1	1
100288687_at	1	1	1	1	1	1	1	1	1	1	1	1	1	1
100288695_at	1	1	1	1	1	1	1	1	1	1	1	1	1	1
100288797_at	6	5	6	5	5	4	5	5	5	5	5	5	4	6
100288801_at	1	1	1	1	1	1	1	1	1	1	1	1	1	1
100288960_at	1	2	2	1	1	1	1	1	2	1	2	1	2	3
100289187_at	1	1	1	1	1	1	1	1	1	1	1	1	1	2
100289561_at	1	1	1	1	1	1	1	1	1	1	1	1	1	1
100289635_at	1	1	1	1	1	1	1	1	1	1	1	1	1	1
100289678_at	1	1	1	1	1	1	1	1	1	1	1	1	1	1
100293516_at	3	3	3	2	3	3	3	3	3	2	3	4	2	1
1003_at	1	1	1	1	1	1	1	1	1	1	1	1	1	1
100303755_at	5	4	5	5	4	5	5	4	4	5	4	5	3	5
100310812_at	1	1	1	1	1	1	1	1	1	1	1	1	1	1
100310846_at	1	1	1	1	1	1	1	2	1	2	2	2	2	3
10036_at	7	7	7	6	6	6	7	6	6	6	6	7	5	7
10038_at	1	1	1	1	1	1	1	1	1	1	3	2	1	5
100381270_at	7	7	7	6	7	6	7	7	7	7	7	7	5	5
10039_at	1	1	1	1	1	1	1	1	1	1	1	1	1	1
1004_at	3	3	2	3	3	3	3	4	4	3	3	3	3	4
10040_at	1	1	1	1	1	1	1	1	1	1	1	1	1	3
10042_at	1	1	1	1	1	1	1	1	1	1	1	1	1	1
100423062_at	1	1	1	1	1	1	1	1	1	1	1	1	1	1
10043_at	1	1	1	1	1	1	1	1	1	1	1	1	1	1
100431172_at	1	1	1	1	1	1	1	1	1	1	1	1	1	1
10044_at	3	3	3	2	3	3	3	3	3	3	3	4	2	3
10045_at	4	4	5	4	4	3	4	4	4	4	4	4	3	5
100462981_at	1	1	1	1	1	1	1	1	1	1	1	1	1	1
100462983_at	1	1	1	1	1	1	1	1	1	1	1	1	1	1
100463285_at	1	1	1	1	1	1	1	1	1	1	1	1	1	1
100463289_at	1	1	1	1	1	1	1	2	1	1	2	1	2	4
100463482_at	1	1	1	1	1	1	1	1	1	1	1	1	1	1
100463486_at	5	5	5	4	4	5	5	4	5	5	5	5	4	4
10047_at	1	1	1	1	1	1	1	1	1	1	1	1	1	1
10048_at	4	4	4	4	4	4	4	4	4	4	4	4	3	4
10049_at	1	1	1	1	1	1	1	1	1	1	1	1	1	1
100499483_at	1	1	1	1	1	1	1	1	1	1	1	1	1	1
1005_at	1	1	1	1	1	1	1	1	1	1	1	1	1	1
10050_at	1	1	1	1	1	1	1	1	1	1	2	2	2	4
100500938_at	4	4	4	3	4	4	4	3	4	4	4	4	3	4
100505478_at	1	1	1	1	1	1	1	2	1	1	1	1	1	1
100505502_at	1	1	1	1	1	1	1	1	1	1	1	1	1	1
100505549_at	1	1	1	1	1	1	1	1	1	1	1	1	1	1
100505573_at	3	4	4	4	4	3	4	4	3	3	4	4	3	4
100505591_at	5	5	5	5	6	5	5	6	5	5	6	5	4	4
100505679_at	1	1	1	1	1	1	1	1	1	1	1	1	1	1
100505724_at	5	5	5	5	5	5	6	5	6	5	5	6	3	4
100505741_at	2	3	2	2	2	2	2	2	2	2	2	2	2	3
100505753_at	1	1	1	1	1	1	1	1	1	1	1	1	1	1
100505767_at	1	1	1	1	1	1	1	1	1	1	1	1	1	1
100505841_at	1	1	1	1	1	1	1	1	1	1	1	1	1	1
100505876_at	1	1	1	1	1	1	1	1	1	1	1	1	1	1
100505989_at	1	1	1	1	1	1	1	1	1	1	1	1	1	1
100505993_at	1	1	1	1	1	1	1	1	1	1	1	1	1	1
100506012_at	4	3	3	3	3	3	4	3	3	3	3	3	3	5
100506013_at	1	1	1	1	1	1	1	1	1	1	1	1	1	1
100506049_at	1	1	1	1	1	1	1	1	1	1	1	1	1	1
100506084_at	1	1	1	1	1	1	1	1	1	1	1	1	1	1
100506115_at	1	1	1	1	1	1	1	1	1	1	1	1	1	1
100506127_at	1	1	1	1	1	1	1	1	1	1	1	1	1	2
100506144_at	1	1	1	1	1	1	1	1	1	1	1	1	1	1
100506243_at	1	1	1	1	1	1	1	1	1	1	1	1	1	1
100506248_at	1	1	1	1	1	1	1	1	1	1	1	1	1	1
100506374_at	1	1	1	1	1	1	1	1	1	1	1	1	1	1
100506422_at	1	1	1	1	1	1	1	2	1	1	3	2	1	4
100506514_at	1	1	1	1	1	1	1	1	1	1	1	1	1	2
100506540_at	3	3	3	2	3	3	3	3	3	2	3	3	2	3
100506564_at	1	1	1	1	1	1	1	1	1	1	1	1	1	1
100506571_at	1	1	1	1	1	1	1	1	1	1	1	1	1	1
100506581_at	1	1	1	1	1	1	1	1	1	1	1	1	1	1
100506650_at	1	1	1	1	1	1	1	1	1	1	1	1	1	1
100506658_at	1	1	1	1	1	1	1	1	1	1	1	1	1	1
100506736_at	3	3	3	3	4	3	3	4	3	3	3	4	3	4
100506742_at	1	1	1	1	1	1	1	1	1	1	1	1	1	1
100506888_at	1	1	1	1	1	1	1	1	1	1	1	1	1	1
100507003_at	1	1	1	1	1	1	1	1	1	1	1	1	1	1
100507027_at	1	1	1	1	1	1	1	1	1	1	1	1	1	1
100507050_at	1	1	1	1	1	1	1	1	1	1	1	1	1	1
100507055_at	2	2	2	2	3	2	2	1	2	1	2	2	2	3
100507096_at	1	1	1	1	1	2	2	2	1	1	1	2	1	2
100507203_at	1	1	1	1	1	1	1	1	1	1	1	1	1	1
100507221_at	1	1	1	1	1	1	1	1	1	1	1	1	1	1
100507290_at	3	3	3	3	3	2	2	3	2	3	3	2	2	4
100507341_at	1	1	1	1	1	1	1	1	1	1	1	1	1	1
100507421_at	2	2	2	2	2	2	2	2	2	2	2	2	1	2
100507436_at	1	1	1	1	1	1	1	1	1	1	1	1	1	1
100507462_at	5	6	5	6	6	5	5	5	5	5	6	6	5	4
100507527_at	1	1	1	1	1	1	1	1	1	1	1	1	1	1
100507537_at	1	1	1	1	1	1	1	1	1	1	1	1	1	2
100507588_at	4	4	4	3	4	4	4	3	4	3	4	4	3	4
100507607_at	1	1	1	1	1	1	2	2	1	1	2	1	1	3
100507608_at	1	1	1	1	1	1	1	1	1	1	1	1	1	1
100507650_at	6	5	6	5	6	5	6	5	5	5	5	5	4	4
100507679_at	1	1	1	1	1	1	1	1	1	1	1	1	1	1
100507747_at	6	6	6	6	6	6	6	6	6	5	6	6	5	4
10051_at	1	1	1	1	1	1	1	1	1	1	1	1	1	1
100510707_at	4	3	3	3	4	4	3	4	4	4	4	4	3	3
10052_at	4	4	4	4	4	4	4	4	3	3	4	4	3	4
100526767_at	1	1	1	1	1	1	1	1	1	1	1	1	1	1
100526771_at	3	2	3	2	4	2	3	4	3	3	3	3	2	4
100526773_at	1	1	1	1	1	1	1	1	1	1	1	1	1	2
100527963_at	1	1	1	1	1	1	1	1	1	1	1	1	1	1
100528020_at	1	1	1	1	1	1	1	1	1	1	1	1	1	1
100528064_at	1	1	1	1	1	1	1	1	1	1	1	1	1	1
100529215_at	1	1	1	1	1	1	1	1	1	1	1	1	1	1
10053_at	3	3	3	3	3	2	3	3	3	3	3	3	2	4
100533105_at	1	1	1	1	1	1	1	1	1	1	1	1	1	1
100533106_at	1	1	1	1	1	1	1	1	1	1	1	1	1	1
100533177_at	1	1	1	1	1	1	1	1	1	1	1	1	1	2
10054_at	1	1	1	1	1	1	1	1	1	1	1	1	1	1
10055_at	4	3	4	3	4	3	3	3	3	3	4	3	3	3
10056_at	1	1	1	1	1	1	1	1	1	1	1	1	1	1
10057_at	4	4	4	4	4	4	4	4	3	3	4	3	3	4
10058_at	1	1	1	1	1	1	1	1	1	1	1	2	1	2
10059_at	1	1	1	1	1	1	1	1	1	1	1	1	1	1
1006_at	1	1	1	1	1	1	1	1	1	1	1	1	1	1
10060_at	4	4	4	5	4	3	4	4	4	2	4	4	3	3
10061_at	1	1	1	1	1	1	1	1	1	1	1	1	1	1
10062_at	5	5	5	4	5	5	5	5	5	4	5	5	4	5
10063_at	1	1	1	1	1	1	1	1	1	1	1	1	1	1
100652748_at	5	2	4	3	2	2	2	3	2	2	4	2	3	4
100652777_at	1	1	1	1	1	1	1	1	1	1	1	1	1	1
100652824_at	1	1	1	1	1	1	1	1	1	1	2	1	1	2
100652833_at	1	1	1	1	1	1	1	1	1	1	1	1	1	1
100652871_at	1	1	1	1	1	1	1	1	1	1	1	1	1	2
100652901_at	1	1	1	1	1	1	1	1	1	1	1	1	1	1
100653133_at	1	1	1	1	1	1	1	1	1	1	1	1	1	1
100653515_at	1	1	1	1	1	1	1	1	1	1	1	1	1	1
10066_at	1	1	1	1	1	1	1	1	1	1	1	1	1	1
10067_at	3	2	2	2	2	2	3	3	2	2	3	3	2	4
10068_at	1	1	1	1	1	1	1	1	1	1	1	1	1	1
10069_at	1	1	1	1	1	1	1	1	1	1	1	1	1	1
1007_at	1	1	1	1	1	1	1	2	1	2	4	3	3	5
10071_at	1	1	1	1	1	1	1	1	1	1	1	1	1	1
10072_at	1	1	1	1	1	1	1	1	1	1	2	1	1	1
10073_at	1	1	1	1	1	1	1	1	1	1	1	1	1	1
10076_at	4	3	4	3	3	3	4	4	3	3	4	4	3	4
10077_at	1	1	1	1	1	1	1	1	1	1	1	1	1	1
10078_at	3	3	3	3	2	2	3	2	3	2	3	2	2	4
10079_at	1	1	1	1	1	1	1	1	1	1	1	1	1	1
1008_at	1	1	1	1	1	1	1	2	1	2	3	3	2	5
10081_at	1	1	1	1	1	1	1	1	1	1	1	1	1	1
10082_at	1	1	1	1	1	1	1	1	1	1	1	1	1	1
100820829_at	1	1	1	1	1	1	1	1	1	1	1	1	1	1
10083_at	1	1	1	1	1	1	1	1	1	1	2	1	1	2
10085_at	1	1	1	1	1	1	1	1	1	1	1	1	1	1
10086_at	1	1	1	1	1	1	1	1	1	1	1	1	1	1
100861507_at	1	1	1	1	1	1	1	1	1	1	1	1	1	1
100861540_at	6	5	6	6	6	5	6	6	5	6	5	6	4	4
100862671_at	6	6	6	6	6	6	6	6	6	5	6	6	5	5
10087_at	1	1	1	1	1	1	1	1	1	1	1	1	1	1
100885848_at	2	1	1	1	1	1	1	1	1	1	1	1	1	1
100885850_at	2	2	1	1	2	1	1	1	2	2	2	2	1	2
10089_at	1	1	1	1	1	1	1	1	1	1	1	1	1	1
1009_at	1	1	1	1	1	1	1	1	1	1	1	1	1	1
10090_at	1	1	1	1	1	1	1	1	1	1	1	1	1	1
10092_at	1	1	1	1	1	1	1	1	1	1	1	1	1	1
10093_at	1	1	1	1	1	1	1	1	1	1	1	1	1	1
10094_at	1	2	2	1	2	1	2	2	1	2	1	2	2	1
10095_at	1	1	1	1	1	1	1	1	1	1	1	1	1	1
10096_at	6	6	6	5	5	4	5	6	5	4	7	5	4	5
10097_at	1	1	1	1	1	1	1	1	1	1	1	1	1	1
10098_at	1	1	1	1	1	1	1	1	1	1	1	1	1	1
10099_at	3	4	3	3	4	3	4	4	3	3	3	4	3	3
100996259_at	2	2	1	1	3	1	1	2	1	2	3	2	2	2
100996318_at	1	1	1	1	1	1	1	1	1	1	1	1	1	1
100996365_at	1	1	1	1	1	1	1	1	1	1	1	1	1	1
100996379_at	1	1	1	1	1	1	1	1	1	1	1	1	1	1
100996414_at	1	1	1	1	1	1	1	1	1	1	1	1	1	1
100996442_at	1	1	1	1	1	1	1	1	1	1	1	1	1	2
100996485_at	1	1	1	1	1	1	1	1	1	1	1	1	1	1
100996492_at	1	2	2	1	1	1	1	2	1	2	1	1	1	1
100996517_at	1	1	1	1	1	1	1	1	1	1	1	1	1	1
100996574_at	2	2	3	2	2	3	2	3	2	1	3	2	2	4
100996598_at	1	1	1	1	1	1	1	1	1	1	1	1	1	1
100996637_at	1	1	1	1	1	1	1	1	1	1	1	1	1	1
100996693_at	4	4	4	4	4	3	4	4	4	3	4	4	3	5
100996701_at	1	1	1	1	1	1	1	1	1	1	1	1	1	1
100996716_at	1	1	1	1	1	1	1	1	1	1	1	1	1	1
100996717_at	1	1	1	1	1	1	1	1	1	1	1	1	1	1
100996720_at	1	1	1	1	1	1	1	1	1	1	1	1	1	1
100996741_at	1	1	1	1	1	1	1	1	1	1	1	1	1	1
100996746_at	1	1	1	1	1	1	1	1	1	1	1	1	1	1
100996758_at	3	3	1	3	1	3	1	3	1	1	4	4	2	3
100996763_at	1	1	1	1	1	1	1	1	1	1	1	1	1	1
100996792_at	1	1	1	1	1	1	1	1	1	1	1	1	1	1
100996842_at	1	1	1	1	1	1	1	1	1	1	1	1	1	1
101_at	1	1	1	1	1	1	1	1	1	1	1	1	1	1
1010_at	1	1	1	1	2	1	1	2	2	2	3	3	2	5
10100_at	2	2	1	1	1	1	1	1	1	1	1	1	1	2
10101_at	1	1	1	1	1	1	1	1	1	1	1	1	1	1
10102_at	1	1	1	1	1	1	1	1	1	1	1	1	1	1
10103_at	4	3	3	4	4	3	4	4	4	3	4	4	3	3
10105_at	1	1	1	1	1	1	1	1	1	1	1	1	1	1
101059906_at	1	1	1	1	1	1	1	1	1	1	1	1	1	2
101059918_at	1	1	1	1	1	1	1	1	1	1	1	1	1	1
101059938_at	1	1	1	1	1	1	1	1	1	1	1	1	1	1
101059953_at	1	1	1	1	1	1	1	1	1	1	1	1	1	1
10106_at	1	1	1	1	1	1	1	1	1	1	1	1	1	1
101060022_at	1	1	1	1	1	1	1	1	1	1	1	1	1	1
101060024_at	1	1	1	1	1	1	1	1	1	1	1	1	1	1
101060179_at	1	1	1	1	1	1	1	1	1	1	1	1	1	1
101060200_at	1	1	1	1	1	1	1	1	1	1	1	1	1	2
101060226_at	1	1	1	1	1	1	1	1	1	1	1	1	1	1
101060254_at	6	6	6	6	6	6	7	7	6	6	6	6	5	5
101060301_at	1	1	1	1	1	1	1	1	1	1	1	1	1	1
101060321_at	1	1	1	1	1	1	1	1	1	1	1	1	1	2
101060341_at	1	1	1	1	1	1	1	1	1	1	1	1	1	1
101060351_at	1	1	1	1	1	1	1	1	1	1	1	1	1	1
101060376_at	3	2	3	2	3	3	3	3	2	3	3	3	2	1
101060389_at	1	1	1	1	1	1	1	1	1	1	1	1	1	1
101060684_at	2	2	2	2	2	1	3	2	2	2	2	3	2	3
10107_at	6	5	5	5	5	5	4	5	4	5	5	5	4	6
10109_at	1	1	1	1	1	1	1	1	1	1	1	1	1	1
10110_at	5	4	5	4	5	5	5	5	5	4	5	5	4	4
10111_at	1	1	1	1	1	1	1	1	1	1	1	1	1	1
10112_at	1	1	1	1	1	1	1	1	1	1	1	1	1	1
10113_at	1	1	1	1	1	1	1	1	1	1	1	1	1	1
10114_at	1	1	1	1	1	1	1	1	1	1	1	1	1	2
10116_at	1	1	1	1	1	1	1	1	1	1	1	1	1	1
10117_at	1	1	1	1	1	1	1	1	1	1	1	1	1	1
101180976_at	1	1	1	1	1	1	1	1	1	1	1	1	1	1
1012_at	1	1	1	1	1	1	1	1	1	1	1	1	1	1
10120_at	1	1	1	1	1	1	1	1	1	1	1	1	1	1
10121_at	1	1	1	1	1	1	1	1	1	1	1	1	1	2
10123_at	1	1	1	1	1	1	1	1	1	1	2	1	1	3
10124_at	4	2	2	3	4	3	2	3	2	3	3	2	3	3
10125_at	1	1	1	1	1	1	1	1	1	1	1	1	1	1
10126_at	1	1	1	1	1	1	1	1	1	1	1	1	1	1
10127_at	3	2	2	2	2	2	3	2	2	2	2	2	2	2
10128_at	1	1	1	1	1	1	1	1	1	1	1	1	1	3
10129_at	1	1	1	1	1	1	1	1	1	1	1	1	1	1
1013_at	1	1	1	1	1	1	1	1	1	1	1	1	1	1
10130_at	1	1	1	1	1	1	1	1	1	1	1	1	1	1
10131_at	4	4	3	3	4	4	4	4	3	3	4	3	3	4
10133_at	1	1	1	1	1	1	1	1	1	1	2	1	1	3
10135_at	1	1	1	1	1	1	1	1	1	1	1	1	1	1
10136_at	4	4	4	4	4	3	4	4	4	4	4	4	3	3
10137_at	3	2	2	3	3	3	3	3	3	2	2	3	2	3
10138_at	1	1	1	1	1	1	1	1	1	1	1	1	1	1
1014_at	2	2	2	2	2	2	2	2	2	2	3	2	2	3
10140_at	1	1	1	1	1	1	1	1	1	1	1	1	1	1
101410538_at	1	1	1	1	1	1	1	1	1	1	1	1	1	1
10142_at	3	4	3	3	4	3	4	4	4	3	3	4	3	3
10143_at	1	1	1	1	1	1	1	1	1	1	1	1	1	1
10144_at	1	1	1	1	2	1	1	1	1	1	1	1	1	3
10146_at	1	1	1	1	1	1	1	1	1	1	1	1	1	1
10147_at	3	3	3	3	3	3	3	3	3	3	3	3	3	2
10148_at	4	2	4	3	1	2	2	2	3	2	4	2	3	4
1015_at	1	1	1	1	1	1	1	1	1	1	1	1	1	1
10150_at	1	1	1	1	1	1	1	1	1	1	1	1	1	1
10152_at	3	4	3	3	4	3	4	4	4	3	3	4	3	3
10153_at	3	3	3	3	3	3	3	4	3	3	3	4	2	4
10154_at	2	2	2	2	1	2	3	2	2	2	2	2	2	3
10155_at	1	1	1	1	1	1	1	1	1	1	1	1	1	3
10156_at	1	2	1	1	2	1	2	2	2	1	1	1	1	2
10157_at	2	3	2	2	3	2	3	3	3	3	2	3	2	3
10158_at	6	5	5	5	5	5	5	5	5	5	6	5	4	6
1016_at	1	1	1	1	1	1	1	2	1	2	3	3	2	4
10160_at	1	1	1	1	1	1	1	1	1	1	1	1	1	1
10161_at	1	1	1	1	1	1	1	1	1	1	1	1	1	1
10162_at	8	8	8	8	8	8	8	8	8	7	8	8	6	8
10163_at	2	3	2	2	3	2	2	2	2	2	2	2	2	1
10164_at	1	1	1	1	1	1	1	1	1	1	1	1	1	1
10165_at	1	1	1	1	1	1	1	1	1	1	1	1	1	1
10166_at	1	1	1	1	1	1	1	1	1	1	1	1	1	1
10168_at	1	1	1	1	1	1	1	1	1	1	1	1	1	1
10169_at	1	1	1	1	1	1	1	1	1	1	1	1	1	1
1017_at	1	1	1	1	1	1	1	1	1	1	2	2	1	4
10170_at	1	1	1	1	1	1	1	1	1	1	1	1	1	1
10171_at	6	6	6	5	5	5	6	6	5	5	6	6	4	5
10172_at	1	1	1	1	1	1	1	1	1	1	1	1	1	1
10174_at	1	1	1	1	1	1	1	1	1	1	2	1	1	2
10175_at	1	1	1	1	1	1	1	1	1	1	1	1	1	1
10179_at	1	1	1	1	1	1	1	1	1	1	1	1	1	1
10180_at	3	3	3	2	3	3	3	3	3	3	3	3	3	4
10181_at	5	5	5	4	4	4	5	4	4	5	5	5	4	4
10184_at	1	1	1	1	1	1	1	1	1	1	1	1	1	1
10186_at	1	1	1	1	1	1	2	2	1	2	3	2	2	4
10188_at	1	1	2	1	1	1	1	1	1	1	1	1	1	1
1019_at	1	1	1	1	1	1	1	1	1	1	1	1	1	1
10190_at	1	1	1	1	1	1	1	1	1	1	1	1	1	1
101927245_at	4	4	4	5	5	5	5	4	5	5	4	5	3	4
101927262_at	1	1	1	1	1	1	1	1	1	1	1	1	1	2
101927322_at	1	1	1	1	1	1	1	1	1	1	1	1	1	1
101927353_at	1	1	1	1	1	1	1	1	1	1	1	1	1	1
101927375_at	1	1	1	1	1	1	1	1	1	1	1	1	1	1
101927401_at	3	2	3	2	2	2	3	3	2	3	2	3	2	2
101927423_at	1	1	1	1	1	1	1	1	1	1	1	1	1	1
101927503_at	1	1	1	1	1	1	1	1	1	1	1	1	1	1
101927506_at	1	1	1	1	1	1	1	1	1	1	1	1	1	1
101927509_at	1	1	1	1	1	1	1	1	1	1	1	1	1	1
101927572_at	3	1	1	1	1	1	2	2	1	3	3	3	2	4
101927581_at	1	1	1	1	1	1	2	1	1	1	1	1	1	4
101927789_at	1	1	1	1	1	1	1	1	1	1	1	1	1	1
101927824_at	1	1	1	1	1	1	1	1	1	1	1	1	1	1
101927844_at	3	2	2	2	2	1	2	3	2	2	3	3	2	5
101928093_at	1	1	1	1	1	1	1	1	1	1	1	1	1	1
101928095_at	1	1	1	1	1	1	1	2	1	2	3	1	2	5
101928108_at	1	1	1	1	1	1	1	1	1	1	1	1	1	1
101928120_at	4	3	4	4	4	4	4	4	3	3	4	4	3	3
101928147_at	1	1	1	1	1	1	1	1	1	1	1	1	1	1
101928208_at	2	2	1	1	1	1	1	2	1	1	2	2	1	3
101928212_at	1	1	1	1	1	1	1	1	1	1	1	1	1	1
101928268_at	4	4	4	4	4	4	5	4	4	3	4	4	3	4
101928343_at	3	2	2	2	1	2	2	2	3	1	2	2	1	3
101928422_at	1	1	1	1	1	1	1	1	1	1	1	1	1	1
101928436_at	1	1	1	1	1	1	1	1	1	1	1	1	1	1
101928448_at	4	4	4	4	4	4	4	4	4	4	4	4	3	3
101928527_at	1	1	1	1	1	1	1	1	1	1	1	1	1	1
101928548_at	1	1	1	1	1	1	1	1	1	1	1	1	1	1
101928592_at	5	4	5	4	4	5	5	5	5	5	5	5	4	5
101928601_at	1	1	1	1	1	1	1	1	1	1	1	1	1	1
101928603_at	3	1	3	2	3	2	3	2	3	2	4	3	2	6
101928635_at	1	1	1	1	1	1	1	1	1	1	2	1	1	3
101928638_at	1	1	1	1	1	1	1	1	1	1	1	1	1	2
101928722_at	2	1	2	2	1	1	2	2	2	2	2	2	2	3
101928764_at	1	1	1	1	1	1	1	1	1	1	1	1	1	1
101928841_at	1	1	1	1	1	1	1	1	1	1	1	1	1	1
101928879_at	1	1	1	1	1	1	1	1	1	1	1	1	1	1
101928991_at	1	1	1	1	1	1	1	1	1	1	1	1	1	1
101929141_at	1	1	1	1	1	1	1	1	1	1	1	1	1	1
101929322_at	3	3	3	3	3	3	3	3	3	3	3	3	2	3
101929355_at	3	3	3	3	4	3	4	3	3	3	3	3	2	3
101929372_at	5	5	5	4	4	4	5	4	4	4	5	5	3	5
101929400_at	1	1	1	1	1	1	1	1	1	1	2	1	1	4
101929469_at	1	1	1	1	1	1	1	1	1	1	1	1	1	1
101929479_at	4	4	4	4	4	4	4	4	3	4	4	3	3	3
101929578_at	1	1	1	1	1	1	1	1	1	1	1	1	1	1
101929599_at	1	1	1	1	1	1	1	1	1	1	1	1	1	1
101929601_at	1	1	1	1	1	1	1	1	1	1	1	1	1	1
101929627_at	1	1	1	1	1	1	1	1	1	1	1	1	1	1
101929692_at	4	4	4	4	4	4	4	4	4	4	4	5	3	3
101929726_at	8	8	8	8	8	8	8	8	8	8	8	8	6	6
101929796_at	1	1	1	1	1	1	1	1	1	1	1	1	1	1
101929895_at	2	2	2	1	1	2	2	1	2	2	2	3	2	1
101929926_at	1	1	1	1	1	1	1	1	1	1	1	1	1	1
101929937_at	1	1	1	1	1	1	1	1	1	1	1	1	1	1
101929950_at	1	1	1	1	2	1	1	1	2	1	1	1	1	1
101929959_at	1	1	1	1	1	1	1	1	1	1	1	1	1	1
101929983_at	1	1	1	1	1	1	1	1	1	1	2	2	1	2
101929989_at	1	1	1	1	1	1	1	1	1	1	1	1	1	1
10193_at	4	4	4	4	4	4	5	4	4	4	4	4	3	3
101930307_at	1	1	1	1	1	1	1	1	1	1	1	1	1	1
101930434_at	1	1	1	1	1	1	1	1	1	1	1	2	1	1
10194_at	1	1	1	1	1	1	1	1	1	1	1	1	1	1
10195_at	1	1	1	1	1	1	1	1	1	1	1	1	1	1
10196_at	1	1	1	1	1	1	1	1	1	1	1	1	1	1
10197_at	1	1	1	1	1	1	1	1	1	1	1	1	1	1
10198_at	1	1	1	1	1	1	1	1	1	1	1	1	1	1
10199_at	1	1	1	1	1	1	1	1	1	1	1	1	1	1
102_at	1	1	1	1	1	1	1	1	1	1	1	1	1	1
1020_at	1	1	1	1	1	1	1	1	1	1	1	1	1	1
10200_at	1	1	1	1	1	1	1	1	1	1	1	1	1	1
10201_at	4	3	3	3	3	3	4	3	3	3	4	3	3	4
10202_at	1	1	1	1	1	1	1	1	1	1	1	1	1	1
10203_at	1	1	1	1	1	1	1	1	1	1	1	1	1	1
10204_at	4	3	4	3	3	3	3	4	3	3	4	3	3	4
10205_at	5	4	5	4	4	4	5	5	4	4	5	5	4	3
10206_at	1	1	1	1	1	1	1	1	1	1	1	1	1	2
10207_at	1	1	1	1	1	1	1	1	1	1	1	1	1	1
10208_at	1	1	1	1	1	1	1	1	1	1	1	1	1	1
10209_at	1	1	1	1	1	1	1	1	1	1	1	1	1	1
1021_at	1	1	1	1	1	1	1	1	1	1	1	1	1	1
10210_at	5	5	6	5	6	5	6	6	6	5	5	6	4	6
10211_at	1	1	1	1	1	1	1	1	1	1	1	1	1	1
10212_at	1	1	1	1	1	1	1	1	1	1	1	1	1	1
10213_at	1	1	1	1	1	1	1	1	1	1	1	1	1	1
10215_at	1	1	1	1	1	1	1	1	1	1	1	1	1	1
10216_at	4	4	5	4	5	5	5	5	5	5	4	5	4	5
10217_at	1	1	1	1	1	1	1	1	1	1	1	1	1	1
10218_at	5	4	4	4	5	4	5	5	4	4	5	5	3	2
10219_at	5	4	6	6	5	4	6	6	5	4	7	5	4	5
1022_at	1	1	1	1	1	1	1	1	1	1	1	1	1	1
10220_at	1	1	1	1	1	1	1	1	1	1	1	1	1	1
10221_at	1	1	1	1	1	1	1	1	1	1	1	1	1	1
10223_at	1	1	1	1	1	1	1	1	1	1	1	1	1	1
10224_at	3	2	3	2	2	3	3	3	3	2	4	3	3	5
10225_at	2	2	2	3	3	2	2	2	2	2	2	2	2	2
10226_at	5	5	5	5	5	4	4	5	5	4	6	4	4	5
10227_at	6	6	6	5	5	5	5	5	5	5	6	5	4	7
10228_at	4	5	4	4	4	4	4	4	4	4	4	4	4	3
102288414_at	1	1	1	1	1	1	1	1	1	1	1	1	1	1
10229_at	1	2	2	2	2	2	2	2	2	2	2	2	2	2
10231_at	1	1	1	1	1	1	1	1	1	1	1	1	1	1
10232_at	3	2	2	1	2	2	3	2	3	2	3	2	1	3
10233_at	1	1	1	1	1	1	1	1	1	1	1	1	1	1
10234_at	5	5	5	5	5	5	6	5	5	5	5	5	4	3
10235_at	2	1	1	1	1	1	1	1	1	1	1	2	1	2
10236_at	1	1	1	1	1	1	1	1	1	1	1	1	1	1
10237_at	1	1	1	1	1	1	1	1	1	1	1	1	1	1
10238_at	1	1	1	1	1	1	1	1	1	1	1	1	1	1
10239_at	1	1	1	1	1	1	1	1	1	1	1	1	1	1
1024_at	1	1	1	1	1	1	1	1	1	1	1	1	1	2
10240_at	1	1	1	1	1	1	1	1	1	1	1	1	1	1
10241_at	1	1	1	1	1	1	1	1	1	1	1	1	1	1
10242_at	1	1	1	1	1	1	1	1	1	1	1	1	1	1
10243_at	1	1	1	1	1	1	1	1	1	1	1	1	1	1
10244_at	1	1	1	1	1	1	1	1	1	1	1	1	1	1
10246_at	1	1	1	1	1	1	1	1	1	1	3	2	1	5
10247_at	1	1	1	1	1	1	1	1	1	1	1	1	1	1
10248_at	1	1	1	1	1	1	1	1	1	1	1	1	1	1
10249_at	2	1	1	1	1	1	1	1	1	1	2	1	1	2
1025_at	2	2	2	2	2	2	2	2	2	2	2	3	1	4
10250_at	4	4	5	4	4	4	4	5	4	4	5	4	4	4
10252_at	1	1	1	1	1	1	1	1	1	1	1	1	1	1
10253_at	1	1	1	1	1	1	1	1	1	1	1	1	1	1
10254_at	3	4	3	3	3	3	3	4	3	4	3	4	3	4
10256_at	3	4	3	4	3	3	3	4	3	3	4	3	3	3
10257_at	1	2	1	2	2	2	2	1	1	1	2	1	1	3
1026_at	1	1	1	1	1	1	1	1	1	1	1	1	1	1
10260_at	2	3	2	2	2	2	2	2	2	2	2	2	2	2
10261_at	1	1	1	1	1	1	1	1	1	1	1	1	1	1
10262_at	1	1	1	1	1	1	1	1	1	1	1	1	1	1
10263_at	1	1	1	1	1	1	1	1	1	1	1	1	1	1
10265_at	1	1	1	1	1	1	1	1	1	1	1	1	1	1
10266_at	4	4	3	4	4	4	4	4	4	4	4	4	3	5
10267_at	1	1	1	1	1	1	1	1	1	1	1	1	1	1
10268_at	1	1	1	1	1	1	1	1	1	1	1	1	1	1
10269_at	1	1	1	1	1	1	1	1	1	1	1	1	1	1
1027_at	1	1	1	1	1	1	1	1	1	1	1	1	1	2
10270_at	5	5	5	5	5	4	5	5	5	4	5	5	4	4
10272_at	3	3	4	3	3	2	3	3	3	2	3	2	2	4
102723383_at	1	1	1	1	1	1	1	1	1	1	1	1	1	1
102723415_at	1	1	1	1	1	1	1	1	1	1	1	1	1	1
102723534_at	2	2	1	2	1	1	2	2	2	2	2	2	2	2
102723555_at	1	1	1	1	1	1	1	1	1	1	1	1	1	1
102723623_at	4	5	2	5	2	3	2	2	4	5	5	5	4	5
102723722_at	1	1	1	1	2	1	2	2	2	1	1	2	1	1
102723728_at	4	3	2	4	2	2	3	4	4	2	4	4	2	2
102723730_at	1	1	1	1	1	1	1	1	1	1	1	1	1	1
102723750_at	1	1	1	1	1	1	1	1	1	1	1	1	1	2
102723796_at	1	1	1	1	1	1	1	1	1	1	1	1	1	1
102723849_at	1	1	1	1	1	1	1	1	1	1	2	1	1	1
102723859_at	1	1	2	1	1	2	1	1	1	1	3	2	2	3
102723872_at	1	1	1	1	1	1	1	1	1	1	1	1	1	1
102723899_at	1	1	1	1	1	1	1	1	1	1	1	1	1	1
102723971_at	1	1	1	1	1	1	1	1	1	1	1	1	1	1
102724062_at	1	1	1	1	1	1	1	1	1	1	2	1	1	4
102724101_at	1	1	1	1	1	1	1	1	1	1	1	1	1	1
102724127_at	1	1	1	1	1	1	1	1	1	1	1	1	1	1
102724135_at	1	1	1	1	1	1	1	1	1	1	1	1	1	1
102724183_at	1	1	1	1	1	1	1	1	1	1	1	1	1	1
102724231_at	1	1	1	1	1	1	1	1	1	1	1	1	1	1
102724237_at	1	1	1	1	1	1	1	1	1	1	1	1	1	1
102724265_at	1	1	1	1	1	1	1	1	1	1	1	1	1	1
102724279_at	1	1	1	1	1	1	1	1	1	2	3	2	1	3
102724378_at	1	1	1	1	1	1	1	1	1	1	1	1	1	1
102724474_at	4	3	4	4	4	4	4	4	4	4	4	4	3	5
102724485_at	1	1	1	1	1	1	1	1	1	1	1	1	1	1
102724488_at	5	5	5	5	5	5	6	6	5	5	5	6	5	5
102724624_at	8	8	8	8	7	7	7	7	7	8	8	8	8	8
102724642_at	1	1	1	1	1	1	1	1	1	1	2	1	1	2
102724646_at	1	1	1	1	1	1	1	1	1	1	1	1	1	1
102724657_at	1	1	1	1	1	1	1	1	1	1	1	1	1	1
102724720_at	1	1	1	1	1	1	1	1	1	1	1	1	1	1
102724862_at	1	1	1	1	1	1	1	1	1	1	1	1	1	1
102724877_at	2	3	2	3	3	2	3	2	2	1	2	1	1	2
102724904_at	1	1	1	1	1	1	1	1	1	1	1	1	1	2
102724928_at	1	1	1	1	1	1	1	1	1	1	1	1	1	1
102724957_at	1	1	1	1	1	1	1	1	1	1	1	1	1	1
102724965_at	1	1	1	1	1	1	1	1	1	1	1	1	1	1
102725021_at	1	1	1	1	1	1	1	1	1	1	1	1	1	1
102725180_at	1	1	1	1	1	1	1	1	1	1	1	1	1	2
10273_at	3	3	3	3	2	2	3	3	3	2	3	3	2	4
10274_at	1	1	1	1	1	1	1	1	1	1	1	1	1	1
10276_at	1	1	1	1	1	1	1	1	1	1	1	1	1	2
10277_at	5	4	4	5	5	4	5	5	5	4	4	5	4	3
10278_at	1	1	1	1	1	1	1	1	1	1	1	1	1	1
10279_at	1	1	1	1	1	1	1	1	1	1	1	1	1	3
1028_at	1	1	1	1	1	1	1	1	1	1	1	1	1	1
10280_at	6	5	5	5	5	5	5	5	5	5	6	5	4	6
102800317_at	2	2	2	1	2	2	2	2	2	2	2	2	1	2
10282_at	1	1	1	1	1	1	1	1	1	1	1	1	1	1
10283_at	2	2	2	2	2	2	3	3	3	3	2	3	2	3
10284_at	3	2	3	3	3	3	4	4	3	3	3	3	2	2
10285_at	1	1	1	1	1	1	1	1	1	1	1	1	1	1
10288_at	2	2	2	2	1	1	2	2	1	2	3	2	2	3
10289_at	1	1	1	1	1	1	1	1	1	1	1	1	1	1
1029_at	5	6	6	5	6	5	5	5	5	5	5	5	4	6
10290_at	3	3	3	3	3	3	3	3	3	3	3	3	2	3
10291_at	1	1	1	1	1	1	1	1	1	1	1	1	1	1
10293_at	5	5	5	4	4	4	5	4	4	4	5	4	4	5
10294_at	3	4	3	3	3	4	3	4	4	3	5	3	4	3
10295_at	1	1	1	1	1	1	1	1	1	1	1	1	1	1
10296_at	4	3	4	3	4	4	4	4	3	3	3	4	3	2
10297_at	3	2	2	2	2	2	2	2	2	2	3	2	2	4
10298_at	2	2	2	2	2	2	2	2	2	1	2	2	1	2
10299_at	6	6	6	6	6	6	6	6	6	6	6	7	5	5
103_at	1	1	1	1	1	1	1	1	1	1	1	1	1	1
1030_at	4	5	4	4	5	4	5	5	4	4	4	4	3	5
10300_at	1	1	1	1	1	1	1	1	1	1	2	1	1	3
10302_at	1	1	1	1	1	1	1	1	1	1	1	1	1	1
10307_at	3	3	2	3	3	3	3	3	3	4	4	4	3	6
10308_at	4	4	4	3	4	3	4	4	3	3	4	3	3	4
10309_at	1	1	1	1	1	1	1	1	1	1	1	1	1	1
1031_at	1	1	1	1	1	1	1	1	1	1	1	1	1	1
10311_at	1	1	1	1	1	1	1	1	1	1	1	1	1	1
10312_at	1	1	1	1	1	1	1	1	1	1	1	1	1	1
10313_at	4	4	4	4	4	3	4	4	4	4	4	4	3	4
10314_at	1	1	1	1	1	1	1	1	1	1	1	1	1	1
10316_at	1	1	1	1	1	1	1	1	1	1	1	1	1	1
10317_at	1	1	1	1	1	1	1	1	1	1	1	1	1	1
10318_at	4	6	4	6	6	4	5	5	5	3	4	3	3	2
10319_at	4	4	4	4	4	4	4	4	4	4	5	4	4	4
1032_at	4	4	4	4	4	3	4	4	3	4	4	4	3	4
10320_at	1	1	1	1	1	1	1	1	1	1	1	1	1	1
10322_at	2	3	3	3	3	2	3	3	3	2	3	3	2	1
10324_at	1	1	1	1	1	1	1	1	1	1	1	1	1	1
10326_at	1	1	1	1	1	1	1	1	1	1	1	1	1	1
10327_at	1	1	1	1	1	1	1	1	1	1	1	1	1	1
10328_at	1	1	1	1	1	1	1	1	1	1	1	1	1	1
10329_at	1	1	1	1	1	1	1	1	1	1	1	1	1	1
1033_at	2	3	1	2	2	2	3	2	2	2	3	2	2	2
10330_at	1	1	1	1	1	1	1	1	1	1	1	1	1	1
10331_at	1	1	1	1	1	1	1	1	1	1	1	1	1	1
10332_at	4	1	3	1	1	1	1	1	1	1	4	1	1	2
10333_at	4	4	3	2	4	3	4	4	3	4	3	4	2	3
103344718_at	2	1	1	2	1	2	1	1	2	2	2	2	1	1
10335_at	2	2	2	2	2	1	2	2	2	2	2	2	2	3
10336_at	1	1	1	1	1	1	1	1	1	1	1	1	1	1
10342_at	1	1	1	1	1	1	1	1	1	1	1	1	1	1
10343_at	1	1	1	1	1	1	1	1	1	1	1	1	1	1
10344_at	2	1	1	1	1	1	3	1	1	1	1	1	1	1
10345_at	1	1	1	1	1	1	1	1	1	1	1	1	1	1
10346_at	1	1	1	1	1	1	1	1	1	1	1	1	1	1
10347_at	6	6	6	5	5	5	6	5	5	5	6	5	5	7
10349_at	1	1	1	1	1	1	1	1	1	1	1	1	1	1
10350_at	1	1	1	1	1	1	1	1	1	1	1	1	1	1
10351_at	1	1	1	1	1	1	1	1	1	1	1	1	1	1
10352_at	1	1	1	1	1	1	1	1	1	1	1	1	1	1
1036_at	3	4	4	3	4	3	4	4	5	4	3	5	3	4
10360_at	1	1	1	1	1	1	1	1	1	1	1	1	1	1
10361_at	4	5	4	4	5	4	4	5	4	4	4	4	3	4
10362_at	7	6	6	6	6	6	7	6	6	6	7	6	5	7
10363_at	2	3	3	2	3	2	3	3	2	2	2	2	2	2
10365_at	1	1	1	1	1	1	1	1	1	1	1	1	1	1
10367_at	1	1	1	1	1	1	1	1	1	1	1	1	1	1
10368_at	1	1	1	1	1	1	1	1	1	1	1	1	1	1
10369_at	6	6	6	6	6	5	6	6	5	6	6	5	5	6
10370_at	1	1	1	1	1	1	1	1	1	1	1	1	1	1
10371_at	1	1	1	1	1	1	1	1	1	1	1	1	1	1
10376_at	1	1	1	1	1	1	1	1	1	1	1	1	1	1
10379_at	1	1	1	1	1	1	1	1	1	1	1	1	1	1
10380_at	1	1	1	1	1	1	1	1	1	1	1	1	1	1
10381_at	3	2	3	3	3	3	4	4	4	3	4	4	3	4
10382_at	2	2	2	2	1	1	1	2	2	2	4	3	2	5
10383_at	1	1	1	1	1	1	1	1	1	1	1	1	1	1
10384_at	7	6	6	6	6	6	6	6	5	6	7	6	5	6
10385_at	6	5	5	4	5	5	5	5	4	5	6	6	4	5
10388_at	1	1	1	1	1	1	1	1	1	1	1	1	1	1
1039_at	1	1	1	1	1	1	1	1	1	1	1	1	1	1
10390_at	1	1	1	1	1	1	1	1	1	1	1	1	1	1
10391_at	1	2	1	1	2	1	2	1	1	1	1	1	1	2
103910_at	7	8	7	7	8	7	7	7	7	7	8	7	6	6
10392_at	1	1	1	1	1	1	1	1	1	1	1	1	1	1
10393_at	1	1	1	1	1	1	1	1	1	1	1	1	1	1
10394_at	1	1	1	1	1	1	1	2	1	1	1	2	2	1
10395_at	1	1	1	1	1	1	1	1	1	1	1	1	1	1
10396_at	3	2	3	1	1	2	3	2	2	2	3	2	2	3
10397_at	1	1	1	1	1	1	1	1	1	1	1	1	1	1
10398_at	1	1	1	1	1	1	1	1	1	1	1	1	1	1
104_at	4	4	4	4	4	4	5	4	4	4	4	4	3	4
1040_at	1	1	1	1	1	1	1	1	1	1	1	1	1	1
10400_at	1	1	1	1	1	1	1	1	1	1	1	1	1	1
10402_at	1	1	1	1	1	1	1	1	1	1	1	1	1	1
10403_at	6	5	6	5	6	6	6	6	6	6	5	6	4	6
10404_at	1	1	1	1	1	1	1	1	1	1	1	1	1	1
10406_at	1	1	1	1	1	1	1	1	1	2	1	1	1	1
10407_at	1	1	1	1	1	1	1	1	1	1	1	1	1	1
10408_at	1	1	1	1	1	1	1	1	1	1	1	1	1	1
10409_at	6	5	6	5	5	4	4	4	5	4	6	5	4	5
1041_at	4	3	3	4	4	4	4	4	4	3	4	4	3	5
10410_at	8	8	8	8	8	7	8	8	8	8	8	8	7	7
10411_at	1	1	1	1	1	1	1	1	1	1	1	1	1	1
10412_at	2	1	2	1	1	1	2	1	2	1	1	1	1	1
10413_at	1	1	1	1	1	1	1	1	1	1	1	1	1	1
10417_at	1	1	1	1	1	1	1	1	1	1	1	1	1	1
10418_at	1	1	1	1	1	1	1	1	1	1	1	1	1	1
10419_at	1	1	1	1	1	1	2	1	1	1	2	2	2	3
10420_at	3	3	3	3	3	3	3	3	3	3	4	3	3	4
10421_at	1	1	1	1	1	1	1	1	1	1	1	1	1	2
10422_at	6	5	5	6	5	6	5	5	5	5	6	6	5	5
10423_at	5	6	5	5	5	4	5	5	5	4	6	4	5	6
10424_at	1	1	1	1	1	1	1	1	1	1	1	1	1	1
10425_at	3	2	3	3	2	3	3	2	2	2	3	2	2	2
10426_at	1	1	1	1	1	1	1	1	1	1	1	1	1	1
10427_at	1	1	1	1	1	1	1	1	1	1	1	1	1	1
10428_at	1	1	1	1	1	1	1	1	1	1	1	1	1	1
1043_at	1	1	1	1	1	1	1	1	1	1	1	1	1	1
10430_at	1	1	1	1	1	1	1	1	1	1	1	1	1	1
10432_at	4	4	3	3	3	3	3	3	3	3	3	3	2	4
10434_at	1	1	1	1	1	1	1	1	1	1	1	1	1	1
10435_at	5	6	5	5	5	5	5	5	5	5	5	5	4	5
10436_at	5	5	5	5	5	5	5	5	5	4	5	5	4	5
10437_at	1	1	1	1	1	1	2	2	1	1	1	1	1	1
10438_at	1	1	1	1	1	1	1	1	1	1	1	1	1	1
10439_at	1	1	1	1	1	1	1	1	1	1	1	1	1	1
1044_at	1	1	1	1	1	1	1	1	1	1	1	1	1	1
10440_at	5	5	5	4	5	5	5	5	5	5	5	5	4	4
10443_at	1	1	1	1	1	1	1	1	1	1	1	1	1	1
10444_at	1	1	1	1	1	1	1	1	1	1	1	1	1	1
10445_at	1	1	1	1	1	1	1	1	1	1	1	1	1	1
10446_at	1	1	1	1	1	1	1	1	1	1	1	1	1	1
10447_at	1	1	1	1	1	1	1	1	1	1	1	1	1	1
10449_at	1	1	1	1	1	1	1	1	1	1	1	1	1	1
1045_at	1	1	1	1	1	1	1	1	1	1	1	1	1	1
10450_at	5	5	5	5	5	4	5	5	5	4	5	5	4	3
10451_at	1	1	1	1	1	1	1	1	1	1	1	1	1	1
10452_at	2	1	2	1	1	1	2	2	2	2	3	3	2	5
10454_at	3	3	3	2	3	3	3	3	3	3	3	3	3	3
10455_at	2	2	2	2	2	2	3	3	2	2	3	3	2	4
10456_at	1	1	1	1	1	1	1	1	1	1	1	1	1	1
10457_at	1	1	1	1	1	1	1	1	1	1	1	1	1	1
10458_at	1	1	1	1	1	1	1	1	1	1	1	1	1	1
10459_at	1	1	1	1	1	1	1	1	1	1	1	1	1	1
10460_at	2	1	1	1	1	1	1	1	1	1	2	2	1	2
10461_at	1	1	1	1	1	1	1	1	1	1	1	1	1	1
10462_at	2	1	2	2	2	1	2	1	1	1	3	2	2	4
10463_at	1	1	2	1	1	1	2	1	2	2	2	2	1	4
10464_at	1	1	1	1	1	1	1	1	1	1	1	1	1	1
10465_at	3	3	3	3	3	3	3	3	3	3	2	3	2	2
10466_at	2	3	3	3	3	3	3	3	4	2	2	3	2	4
10467_at	1	1	1	1	1	1	1	1	1	1	1	1	1	1
10468_at	1	1	1	1	1	1	1	1	1	1	1	1	1	1
10469_at	4	3	3	3	3	3	3	3	3	3	4	3	3	5
1047_at	3	3	3	3	3	3	3	4	4	3	3	4	3	3
10471_at	5	4	4	4	4	3	4	4	4	4	5	4	3	6
10472_at	1	1	1	1	1	1	1	1	1	1	1	1	1	1
10473_at	5	4	4	4	4	4	5	5	4	4	5	4	4	5
10474_at	4	3	4	4	3	4	4	4	3	4	4	4	3	4
10475_at	5	5	5	4	5	5	5	5	4	4	5	5	4	4
10476_at	1	1	1	1	1	1	1	1	1	1	1	1	1	1
10477_at	1	1	1	1	1	1	1	1	1	1	1	1	1	1
10478_at	1	1	1	1	1	1	1	1	1	1	1	1	1	1
1048_at	1	1	2	1	1	1	1	1	1	1	1	1	1	1
10480_at	1	1	1	1	1	1	1	1	1	1	1	1	1	1
10481_at	1	1	1	1	1	1	1	1	1	1	1	1	1	1
10482_at	1	1	1	1	1	1	1	1	1	1	1	1	1	2
10483_at	5	5	5	5	4	5	5	5	5	5	5	5	4	4
10484_at	1	1	1	1	1	1	1	1	1	1	1	1	1	1
10485_at	1	1	1	1	1	1	1	1	1	1	1	1	1	1
10486_at	2	4	2	3	4	3	3	3	3	2	3	3	2	4
10487_at	3	3	3	3	3	2	3	3	2	3	3	2	2	3
10488_at	6	6	6	6	6	5	6	6	6	6	6	6	5	6
10489_at	1	1	1	1	1	1	1	1	1	1	1	1	1	1
10490_at	1	1	1	1	1	1	1	1	1	1	2	1	1	1
10491_at	4	3	3	3	3	3	3	3	3	3	4	3	3	4
10492_at	1	1	1	1	1	1	1	1	1	1	1	1	1	1
10493_at	1	1	1	1	1	1	1	1	1	1	1	1	1	1
10494_at	4	4	4	4	4	3	4	3	3	3	4	4	3	4
10497_at	5	6	5	5	5	5	6	6	5	5	5	6	4	5
10498_at	6	6	6	5	5	5	6	6	6	5	6	6	5	6
10499_at	1	1	1	1	1	1	1	1	1	1	1	1	1	1
105_at	1	1	1	1	1	1	1	1	1	1	1	1	1	1
1050_at	1	1	3	1	2	1	1	1	1	2	2	2	2	4
10500_at	5	5	5	4	5	4	5	5	4	4	5	5	4	5
10501_at	3	3	3	4	4	2	3	3	2	3	4	3	2	5
10505_at	5	5	5	4	4	4	5	5	5	4	5	5	4	4
10507_at	1	1	1	1	1	1	1	1	1	1	1	1	1	1
10509_at	1	2	1	1	1	1	1	1	1	1	2	1	1	2
1051_at	1	1	1	1	1	1	1	1	1	1	1	1	1	1
10512_at	1	1	1	1	1	1	1	1	1	1	1	1	1	1
10513_at	3	3	3	3	3	3	3	3	3	3	3	3	2	3
10514_at	3	1	1	1	1	1	1	2	1	1	3	2	1	4
10516_at	3	3	3	2	3	3	3	3	3	3	3	3	3	4
10517_at	1	1	1	1	1	1	1	1	1	1	1	1	1	1
10518_at	1	1	1	1	1	1	1	1	1	1	1	1	1	1
10519_at	3	3	2	3	3	3	3	3	2	3	3	3	2	4
1052_at	1	1	1	1	1	1	1	1	1	1	1	1	1	1
10520_at	1	1	1	1	1	1	1	2	1	2	3	2	2	5
10521_at	2	2	2	1	1	1	1	1	2	2	2	2	1	2
10522_at	5	5	5	5	5	5	5	5	5	5	6	5	4	6
10523_at	1	1	1	1	1	1	1	1	1	1	1	1	1	1
10524_at	1	1	1	1	1	1	1	1	1	1	2	1	1	4
10525_at	5	5	4	4	4	4	5	5	4	3	5	4	3	5
10526_at	1	1	1	1	1	1	1	1	1	1	1	1	1	1
10527_at	4	5	5	4	5	5	5	4	5	5	4	5	3	4
10528_at	1	1	1	1	1	1	1	1	1	1	1	1	1	1
10529_at	1	1	1	1	1	1	1	1	1	1	1	1	1	1
1053_at	1	1	1	1	1	1	1	1	1	1	1	1	1	1
10531_at	5	5	5	4	4	4	4	4	4	4	5	4	4	5
10533_at	1	1	1	1	1	1	1	1	1	1	1	1	1	1
10534_at	1	1	1	1	1	1	1	1	1	1	1	1	1	1
10535_at	5	4	5	4	4	4	5	5	5	4	5	5	4	5
10536_at	6	5	5	5	5	5	5	5	5	4	6	5	4	5
105369140_at	1	1	1	1	1	1	1	1	1	1	1	1	1	1
105369155_at	3	3	3	3	4	3	3	4	3	3	3	3	3	2
105369201_at	1	1	1	1	1	1	1	1	1	1	1	1	1	1
105369205_at	4	4	4	4	5	4	4	4	4	4	4	5	3	3
105369209_at	1	1	1	1	1	1	1	1	1	1	1	1	1	1
105369212_at	1	1	1	1	1	1	1	1	1	1	1	1	1	1
105369214_at	1	1	1	1	1	1	1	1	1	1	1	1	1	1
105369246_at	1	1	1	1	1	1	1	1	1	1	1	1	1	1
105369266_at	1	1	1	1	1	1	1	1	1	1	1	1	1	1
105369535_at	5	4	5	4	4	4	5	5	5	4	5	5	3	4
105369591_at	4	4	3	3	4	3	4	4	4	3	4	3	3	2
105369669_at	1	1	1	1	1	1	1	1	1	1	1	1	1	1
105369728_at	1	1	1	1	1	1	1	1	1	1	1	1	1	1
105369869_at	2	1	2	1	1	1	1	1	1	1	2	3	1	3
105369914_at	5	5	5	4	5	4	5	4	4	3	5	4	4	4
10537_at	2	2	3	2	2	2	3	3	3	3	3	3	2	4
105370045_at	1	1	1	1	1	1	1	1	1	1	1	1	1	2
105370092_at	2	2	2	2	2	2	2	2	2	2	2	2	2	3
105370295_at	1	1	1	1	1	1	1	1	1	1	1	1	1	1
105370362_at	5	5	5	6	6	5	4	5	5	4	5	4	3	5
105370378_at	1	1	1	1	1	1	1	1	1	1	1	1	1	1
105370399_at	1	1	1	1	1	1	1	1	1	1	1	1	1	1
105370579_at	1	1	1	1	1	1	1	1	1	1	1	1	1	1
105370641_at	1	1	1	1	1	1	1	1	1	1	1	1	1	1
105370687_at	1	1	1	1	1	1	1	1	1	1	1	1	1	1
105370691_at	1	1	1	1	1	1	1	1	1	1	1	1	1	1
105370705_at	6	6	6	6	6	5	6	6	6	6	6	6	5	6
105370706_at	4	4	4	4	3	3	4	4	3	4	5	4	3	4
105370708_at	1	1	1	1	1	1	1	1	1	1	1	1	1	1
105370733_at	1	1	1	1	1	1	1	1	1	1	1	1	1	1
105370849_at	5	4	4	4	4	4	4	4	4	4	4	5	3	4
105370980_at	1	1	1	1	1	1	1	1	1	1	1	1	1	1
105371031_at	2	2	3	3	4	2	2	3	2	2	4	3	2	5
105371045_at	1	1	1	1	1	1	1	1	1	1	1	1	1	1
105371063_at	3	3	3	2	3	2	3	4	5	4	4	2	3	5
105371095_at	4	4	4	4	4	4	4	4	4	3	4	4	3	2
105371191_at	1	1	1	1	1	1	1	1	1	1	1	1	1	1
105371242_at	1	1	1	1	1	1	1	1	1	1	1	1	1	1
105371253_at	1	1	1	1	1	1	1	1	1	1	1	1	1	1
105371346_at	1	1	1	1	1	1	1	1	1	1	1	1	1	1
105371371_at	3	2	3	3	3	3	3	3	3	3	4	3	2	2
105371409_at	2	1	2	1	1	1	1	2	1	1	3	1	1	3
105371419_at	4	3	4	3	4	4	4	4	4	4	4	4	3	3
105371448_at	4	4	4	4	4	4	4	4	4	4	4	4	3	3
105371566_at	4	4	4	4	4	3	4	4	4	3	4	4	3	3
105371598_at	1	2	1	1	1	1	1	2	2	1	2	2	1	4
105371727_at	1	1	1	1	1	1	1	1	1	1	1	1	1	1
105371763_at	1	1	1	1	1	1	1	1	1	1	1	1	1	1
105371844_at	1	1	1	1	1	1	1	1	1	1	1	1	1	1
105371910_at	3	2	2	2	2	2	2	3	2	2	3	2	2	3
105371921_at	6	6	6	5	6	6	7	5	5	6	6	6	5	6
105371930_at	1	1	1	1	1	1	1	1	1	1	1	1	1	1
105371932_at	1	1	1	1	1	1	1	1	1	1	1	1	1	1
105371933_at	1	1	1	1	1	1	1	1	1	1	1	1	1	1
105372109_at	1	1	1	1	1	1	1	1	1	1	1	1	1	1
105372204_at	1	1	1	1	1	1	1	1	1	1	1	1	1	1
105372269_at	1	1	1	1	1	1	1	1	1	1	1	1	1	1
105372280_at	1	1	1	1	1	1	1	1	1	1	2	1	1	1
105372315_at	2	2	2	2	2	1	1	2	2	2	3	2	2	4
105372319_at	1	1	1	1	1	1	1	1	1	1	1	1	1	1
105372412_at	1	2	2	1	1	1	2	2	3	1	2	3	2	4
105372478_at	2	1	2	1	1	1	1	1	1	1	1	2	1	4
105372585_at	1	1	1	1	1	1	1	1	1	1	1	1	1	1
105372698_at	1	1	1	1	1	1	1	1	1	1	1	1	1	1
105372704_at	1	1	1	1	1	1	1	1	1	1	1	1	1	1
105372714_at	1	1	1	1	1	1	2	2	1	2	1	1	1	2
105372798_at	1	1	1	1	1	1	1	1	1	1	1	1	1	1
105372824_at	1	1	1	1	1	1	1	1	1	1	1	1	1	1
105372836_at	2	1	1	1	1	1	1	1	1	2	2	2	1	4
105372883_at	5	6	5	5	6	6	6	6	6	6	5	6	5	3
105372977_at	1	1	1	1	1	1	1	1	1	1	1	1	1	1
105372978_at	1	1	1	1	1	1	1	1	1	1	1	1	1	1
105373057_at	1	1	1	1	1	1	1	1	1	1	1	1	1	1
105373091_at	1	1	1	1	1	1	1	1	1	1	1	1	1	1
105373132_at	1	1	1	1	1	1	1	1	1	1	1	1	1	1
105373289_at	1	1	1	1	1	1	1	1	1	1	1	1	1	1
105373392_at	1	1	1	1	1	1	1	1	1	1	1	1	1	1
105373395_at	1	1	1	1	1	1	1	1	1	1	1	1	1	1
105373750_at	1	1	1	1	1	1	1	1	1	1	1	2	1	1
105373759_at	1	1	1	1	1	1	1	1	1	1	1	1	1	1
105373780_at	1	1	1	1	1	1	1	1	1	1	1	1	1	1
105373926_at	4	3	4	3	3	3	4	4	4	3	4	4	3	3
105373944_at	1	1	1	1	1	1	1	1	1	1	1	1	1	1
105373985_at	1	1	1	1	1	1	1	1	1	1	1	1	1	1
105373989_at	1	1	1	1	1	1	1	1	1	1	1	1	1	2
105374013_at	1	1	1	1	1	1	1	1	1	1	1	1	1	1
105374089_at	1	1	1	1	1	1	1	1	1	1	1	1	1	1
105374103_at	2	1	1	1	1	1	1	1	1	2	2	2	2	3
105374250_at	1	1	1	1	1	1	1	1	1	1	1	1	1	1
105374299_at	1	1	1	1	1	1	1	1	1	1	1	1	1	1
105374301_at	1	1	1	1	2	1	1	1	1	1	1	1	1	3
105374314_at	1	1	1	1	1	1	1	1	1	1	1	1	1	1
105374378_at	2	2	2	2	2	1	1	2	1	1	3	2	2	3
105374811_at	3	3	3	3	3	3	3	3	3	3	3	3	2	4
105375106_at	1	1	1	1	1	1	1	1	1	1	2	1	1	1
105375107_at	1	1	1	1	1	1	1	1	1	1	1	1	1	1
105375112_at	2	1	2	2	1	1	1	1	1	1	3	2	2	2
105375116_at	1	1	1	1	1	1	1	1	1	1	1	1	1	1
105375131_at	1	1	1	1	1	1	1	1	1	1	1	1	1	1
105375303_at	1	1	1	1	1	1	1	1	1	1	1	1	1	1
105375355_at	1	1	1	1	1	1	1	1	1	1	1	1	1	1
105375683_at	1	1	1	1	1	1	1	1	1	1	1	1	1	1
105375787_at	1	1	1	1	1	1	1	1	1	1	1	1	1	1
105375809_at	1	1	1	1	1	1	1	1	1	1	1	1	1	1
105375816_at	1	1	1	1	1	1	1	1	1	1	1	1	1	1
105375817_at	1	1	1	1	1	1	1	1	1	1	1	1	1	1
105375975_at	1	1	1	1	1	1	1	1	1	1	2	1	1	2
105376204_at	3	4	3	3	3	3	4	3	3	3	3	4	2	3
105376335_at	1	1	1	1	1	1	1	1	1	1	1	1	1	1
105376341_at	1	1	1	1	1	1	1	1	1	1	1	1	1	1
105376353_at	1	1	1	1	1	1	1	1	1	1	1	1	1	1
105376525_at	1	1	1	1	1	1	1	1	1	1	3	2	1	3
105376526_at	1	1	1	1	1	1	1	1	1	1	1	1	1	1
105376678_at	1	1	1	1	1	1	1	1	1	1	1	1	1	1
105376684_at	1	1	1	1	1	1	1	1	1	1	1	1	1	1
105376714_at	5	5	4	4	5	4	5	4	4	4	5	6	5	5
105376722_at	1	1	1	1	1	1	1	1	1	1	1	1	1	1
105376731_at	4	4	4	4	4	4	4	4	3	4	4	4	3	2
105376747_at	4	4	4	4	4	4	5	4	4	4	4	4	3	4
105376917_at	1	1	1	1	1	1	1	1	1	1	1	1	1	3
105377021_at	3	3	3	3	3	3	3	3	3	3	3	3	2	2
105377022_at	1	1	1	1	1	1	1	1	1	1	1	1	1	1
105377310_at	1	1	1	1	1	1	1	1	1	1	1	1	1	1
105377372_at	1	1	1	1	1	1	1	1	1	1	1	1	1	1
105377622_at	1	1	1	1	1	1	1	1	1	1	1	1	1	2
105377641_at	1	1	1	1	1	1	1	1	1	1	1	1	1	1
105377650_at	1	1	1	1	1	1	1	1	1	1	1	1	1	1
105377746_at	1	1	1	1	1	1	1	1	1	1	1	1	1	1
105377752_at	1	1	1	1	1	1	1	1	1	1	1	1	1	1
105377777_at	1	1	1	1	1	1	1	1	1	1	1	1	1	1
105377792_at	2	1	3	1	1	1	1	2	4	2	2	2	1	4
105377805_at	4	4	4	4	5	4	5	5	4	4	3	5	2	3
105378105_at	1	1	1	1	1	1	1	1	1	1	1	1	1	1
105378132_at	1	1	1	1	1	1	1	1	1	1	1	1	1	2
105378148_at	1	1	1	1	1	1	1	1	1	1	1	1	1	1
105378161_at	1	1	1	1	1	1	1	1	1	1	1	1	1	1
105378189_at	3	3	4	3	3	4	4	4	4	4	3	4	3	4
105378193_at	1	1	1	1	1	1	1	1	1	1	1	1	1	1
105378220_at	1	1	1	1	1	1	1	1	2	2	1	1	1	1
105378230_at	1	1	1	1	1	1	1	1	1	1	1	1	1	1
105378260_at	1	1	1	1	1	1	1	1	1	1	1	1	1	1
